 1.610559e+03 -3.297278e+02 7.494475e+02
 1.610570e+03 -2.836439e+02 7.523379e+02
 1.610581e+03 -2.375600e+02 7.552283e+02
 1.610592e+03 -1.914760e+02 7.581187e+02
 1.610612e+03 -1.155812e+02 7.606296e+02
 1.610635e+03 -2.776205e+01 7.629887e+02
 1.610658e+03 6.005712e+01 7.653477e+02
 1.610668e+03 1.269903e+02 7.611414e+02
 1.610660e+03 1.660755e+02 7.481811e+02
 1.610652e+03 2.051607e+02 7.352209e+02
 1.604658e+03 2.385917e+02 7.240854e+02
 1.562749e+03 2.380977e+02 7.238982e+02
 1.520839e+03 2.376036e+02 7.237110e+02
 1.478930e+03 2.371096e+02 7.235238e+02
 1.473211e+03 2.065394e+02 7.334677e+02
 1.473524e+03 1.709566e+02 7.451000e+02
 1.473836e+03 1.353738e+02 7.567323e+02
 1.474400e+03 6.795150e+01 7.611815e+02
 1.475151e+03 -2.335039e+01 7.602435e+02
 1.475902e+03 -1.146523e+02 7.593054e+02
 1.476557e+03 -1.930357e+02 7.580379e+02
 1.476970e+03 -2.391232e+02 7.559468e+02
 1.477383e+03 -2.852106e+02 7.538558e+02
 1.477796e+03 -3.312980e+02 7.517648e+02
